0	1.61E-17
0.18	9.0013E-17
0.36	1.186E-16
0.54	1.3662E-16
0.72	1.4917E-16
0.9	1.5804E-16
1.08	1.6487E-16
1.26	1.6999E-16
1.44	1.7388E-16
1.62	1.7716E-16
1.8	1.8022E-16
1.98	1.8276E-16
2.16	1.8478E-16
2.34	1.8658E-16
2.52	1.8817E-16
2.7	1.8965E-16
2.88	1.9109E-16
3.06	1.9244E-16
3.24	1.937E-16
3.42	1.9494E-16
3.6	1.9616E-16
3.78	1.9741E-16
3.96	1.987E-16
4.14	2.0008E-16
4.32	2.0152E-16
4.5	2.03E-16
4.68	2.0448E-16
4.86	2.0592E-16
5.04	2.073E-16
5.22	2.086E-16
5.4	2.0985E-16
5.58	2.1108E-16
5.76	2.1231E-16
5.94	2.1357E-16
6.12	2.149E-16
6.3	2.1634E-16
6.48	2.1785E-16
6.66	2.1935E-16
6.84	2.208E-16
7.02	2.2214E-16
7.2	2.2322E-16
7.38	2.2406E-16
7.56	2.248E-16
7.74	2.2557E-16
7.92	2.265E-16
8.1	2.2768E-16
8.28	2.2897E-16
8.46	2.3033E-16
8.64	2.3174E-16
8.82	2.3317E-16
9	2.3462E-16
9.18	2.3606E-16
9.36	2.3748E-16
9.54	2.3884E-16
9.72	2.4015E-16
9.9	2.4137E-16
10.08	2.4249E-16
10.26	2.4359E-16
10.44	2.4468E-16
10.62	2.4575E-16
10.8	2.4683E-16
10.98	2.4789E-16
11.16	2.4896E-16
11.34	2.5003E-16
11.52	2.511E-16
11.7	2.5218E-16
11.88	2.5327E-16
12.06	2.5437E-16
12.24	2.5548E-16
12.42	2.5661E-16
12.6	2.5774E-16
12.78	2.5888E-16
12.96	2.6003E-16
13.14	2.6118E-16
13.32	2.6234E-16
13.5	2.635E-16
13.68	2.6466E-16
13.86	2.6581E-16
14.04	2.6697E-16
14.22	2.6811E-16
14.4	2.6926E-16
14.58	2.7039E-16
14.76	2.7152E-16
14.94	2.7263E-16
15.12	2.7373E-16
15.3	2.7481E-16
15.48	2.7586E-16
15.66	2.7688E-16
15.84	2.7788E-16
16.02	2.7885E-16
16.2	2.798E-16
16.38	2.8072E-16
16.56	2.8161E-16
16.74	2.8248E-16
16.92	2.8332E-16
17.1	2.8412E-16
17.28	2.8491E-16
17.46	2.8566E-16
17.64	2.8638E-16
17.82	2.8707E-16
18	2.8774E-16
18.18	2.8837E-16
18.36	2.8897E-16
18.54	2.8954E-16
18.72	2.9009E-16
18.9	2.9059E-16
19.08	2.9107E-16
19.26	2.9152E-16
19.44	2.9193E-16
19.62	2.9231E-16
19.8	2.9265E-16
19.98	2.9297E-16
20.16	2.9325E-16
20.34	2.9352E-16
20.52	2.9376E-16
20.7	2.9399E-16
20.88	2.9421E-16
21.06	2.944E-16
21.24	2.9458E-16
21.42	2.9474E-16
21.6	2.9488E-16
21.78	2.9501E-16
21.96	2.9512E-16
22.14	2.9522E-16
22.32	2.953E-16
22.5	2.9536E-16
22.68	2.9542E-16
22.86	2.9546E-16
23.04	2.9548E-16
23.22	2.955E-16
23.4	2.955E-16
23.58	2.9548E-16
23.76	2.9546E-16
23.94	2.9542E-16
24.12	2.9538E-16
24.3	2.9532E-16
24.48	2.9525E-16
24.66	2.9517E-16
24.84	2.9509E-16
25.02	2.9499E-16
25.2	2.9489E-16
25.38	2.9479E-16
25.56	2.9469E-16
25.74	2.9459E-16
25.92	2.9449E-16
26.1	2.9438E-16
26.28	2.9428E-16
26.46	2.9417E-16
26.64	2.9406E-16
26.82	2.9395E-16
27	2.9383E-16
27.18	2.9371E-16
27.36	2.9359E-16
27.54	2.9346E-16
27.72	2.9332E-16
27.9	2.9318E-16
28.08	2.9304E-16
28.26	2.9289E-16
28.44	2.9273E-16
28.62	2.9256E-16
28.8	2.9239E-16
28.98	2.922E-16
29.16	2.9201E-16
29.34	2.9181E-16
29.52	2.9161E-16
29.7	2.9139E-16
29.88	2.9116E-16
30.06	2.9092E-16
30.24	2.9068E-16
30.42	2.9044E-16
30.6	2.902E-16
30.78	2.8995E-16
30.96	2.8971E-16
31.14	2.8947E-16
31.32	2.8922E-16
31.5	2.8898E-16
31.68	2.8873E-16
31.86	2.8848E-16
32.04	2.8824E-16
32.22	2.8799E-16
32.4	2.8773E-16
32.58	2.8748E-16
32.76	2.8723E-16
32.94	2.8697E-16
33.12	2.8671E-16
33.3	2.8645E-16
33.48	2.8619E-16
33.66	2.8592E-16
33.84	2.8565E-16
34.02	2.8538E-16
34.2	2.8511E-16
34.38	2.8483E-16
34.56	2.8455E-16
34.74	2.8426E-16
34.92	2.8398E-16
35.1	2.8369E-16
35.28	2.8339E-16
35.46	2.831E-16
35.64	2.828E-16
35.82	2.8249E-16
36	2.8218E-16
36.18	2.8187E-16
36.36	2.8155E-16
36.54	2.8123E-16
36.72	2.809E-16
36.9	2.8057E-16
37.08	2.8024E-16
37.26	2.7989E-16
37.44	2.7955E-16
37.62	2.792E-16
37.8	2.7884E-16
37.98	2.7848E-16
38.16	2.7811E-16
38.34	2.7774E-16
38.52	2.7736E-16
38.7	2.7697E-16
38.88	2.7658E-16
39.06	2.7618E-16
39.24	2.7578E-16
39.42	2.7537E-16
39.6	2.7495E-16
39.78	2.7453E-16
39.96	2.741E-16
40.14	2.7366E-16
40.32	2.7322E-16
40.5	2.7279E-16
40.68	2.7235E-16
40.86	2.7191E-16
41.04	2.7147E-16
41.22	2.7103E-16
41.4	2.7059E-16
41.58	2.7015E-16
41.76	2.6971E-16
41.94	2.6927E-16
42.12	2.6883E-16
42.3	2.6839E-16
42.48	2.6794E-16
42.66	2.675E-16
42.84	2.6705E-16
43.02	2.6661E-16
43.2	2.6616E-16
43.38	2.6572E-16
43.56	2.6527E-16
43.74	2.6482E-16
43.92	2.6438E-16
44.1	2.6393E-16
44.28	2.6348E-16
44.46	2.6303E-16
44.64	2.6258E-16
44.82	2.6213E-16
45	2.6168E-16
45.18	2.6123E-16
45.36	2.6078E-16
45.54	2.6033E-16
45.72	2.5987E-16
45.9	2.5942E-16
46.08	2.5897E-16
46.26	2.5851E-16
46.44	2.5806E-16
46.62	2.5761E-16
46.8	2.5715E-16
46.98	2.567E-16
47.16	2.5624E-16
47.34	2.5578E-16
47.52	2.5533E-16
47.7	2.5487E-16
47.88	2.5441E-16
48.06	2.5395E-16
48.24	2.535E-16
48.42	2.5304E-16
48.6	2.5258E-16
48.78	2.5212E-16
48.96	2.5166E-16
49.14	2.512E-16
49.32	2.5074E-16
49.5	2.5028E-16
49.68	2.4982E-16
49.86	2.4936E-16
50.04	2.489E-16
50.22	2.4844E-16
50.4	2.4797E-16
50.58	2.4751E-16
50.76	2.4704E-16
50.94	2.4658E-16
51.12	2.4611E-16
51.3	2.4564E-16
51.48	2.4517E-16
51.66	2.447E-16
51.84	2.4423E-16
52.02	2.4376E-16
52.2	2.4329E-16
52.38	2.4282E-16
52.56	2.4235E-16
52.74	2.4187E-16
52.92	2.414E-16
53.1	2.4093E-16
53.28	2.4045E-16
53.46	2.3998E-16
53.64	2.395E-16
53.82	2.3903E-16
54	2.3856E-16
54.18	2.3808E-16
54.36	2.3761E-16
54.54	2.3713E-16
54.72	2.3666E-16
54.9	2.3618E-16
55.08	2.3571E-16
55.26	2.3524E-16
55.44	2.3476E-16
55.62	2.3429E-16
55.8	2.3382E-16
55.98	2.3334E-16
56.16	2.3287E-16
56.34	2.324E-16
56.52	2.3193E-16
56.7	2.3146E-16
56.88	2.3099E-16
57.06	2.3052E-16
57.24	2.3005E-16
57.42	2.2958E-16
57.6	2.2912E-16
57.78	2.2865E-16
57.96	2.2819E-16
58.14	2.2772E-16
58.32	2.2726E-16
58.5	2.268E-16
58.68	2.2634E-16
58.86	2.2588E-16
59.04	2.2542E-16
59.22	2.2496E-16
59.4	2.2451E-16
59.58	2.2405E-16
59.76	2.236E-16
59.94	2.2315E-16
60	2.23E-16
80	1.8E-16
100	1.44E-16
120	1.19E-16
150	8.78E-17
200	6.16E-17
250	4.66E-17
300	3.72E-17
400	2.59E-17
500	1.93E-17
600	1.5E-17
800	1.01E-17
1000	7.21E-18
1200	5.61E-18
1500	3.96E-18
2000	2.54E-18
3000	1.33E-18
